camera_intrinsics:
  fx: 429.0426025390625
  fy: 428.5399475097656
  cx: 417.195068359375
  cy: 245.24171447753906

        